manifest_index,sample_id,recording_index,recording_id,source_dataset,source_recording_id,file,expected_label,expected_species,predicted_index,predicted_label,activation,active_class_mask,correct,windows,frontend_elapsed_us,inference_elapsed_us,total_compute_elapsed_us,scores,raw_output_int8
0,xeno_val_1094099_s0000,,,Xeno-canto_validation,1094099,audio/Agelaius_phoeniceus/xeno_val_1094099_s0000.wav,0,Agelaius_phoeniceus,0,Agelaius_phoeniceus,softmax,0x00000000,1,1,80375,422905,503281,"[0.4453125,0.078125,0.046875,0.01953125,0.02734375,0.00390625,0.15625,0.22265625]","[-14,-108,-116,-123,-121,-127,-88,-71]"
1,xeno_val_142555_s0002,,,Xeno-canto_validation,142555,audio/Cardinalis_cardinalis/xeno_val_142555_s0002.wav,1,Cardinalis_cardinalis,1,Cardinalis_cardinalis,softmax,0x00000000,1,1,80366,422893,503259,"[0.0,0.99609375,0.0,0.0,0.0,0.0,0.0,0.0]","[-128,127,-128,-128,-128,-128,-128,-128]"
2,xeno_val_160053_s0003,,,Xeno-canto_validation,160053,audio/Certhia_americana/xeno_val_160053_s0003.wav,2,Certhia_americana,2,Certhia_americana,softmax,0x00000000,1,1,80370,422912,503282,"[0.03515625,0.08984375,0.50390625,0.05078125,0.0625,0.2109375,0.015625,0.03125]","[-119,-105,1,-115,-112,-74,-124,-120]"
3,xeno_val_639144_s0002,,,Xeno-canto_validation,639144,audio/Corvus_brachyrhynchos/xeno_val_639144_s0002.wav,3,Corvus_brachyrhynchos,3,Corvus_brachyrhynchos,softmax,0x00000000,1,1,80361,422904,503266,"[0.0,0.0,0.0,0.99609375,0.0,0.0,0.0,0.0]","[-128,-128,-128,127,-128,-128,-128,-128]"
4,xeno_val_91789_s0003,,,Xeno-canto_validation,91789,audio/Setophaga_aestiva/xeno_val_91789_s0003.wav,4,Setophaga_aestiva,2,Certhia_americana,softmax,0x00000000,0,1,80370,422902,503272,"[0.09765625,0.09765625,0.27734375,0.09765625,0.1171875,0.09765625,0.1171875,0.09765625]","[-103,-103,-57,-103,-98,-103,-98,-103]"
5,xeno_val_372307_s0002,,,Xeno-canto_validation,372307,audio/Setophaga_ruticilla/xeno_val_372307_s0002.wav,5,Setophaga_ruticilla,1,Cardinalis_cardinalis,softmax,0x00000000,0,1,80372,422900,503272,"[0.0078125,0.94921875,0.015625,0.0,0.01171875,0.0078125,0.0,0.01171875]","[-126,115,-124,-128,-125,-126,-128,-125]"
6,xeno_val_454621_s0000,,,Xeno-canto_validation,454621,audio/Spinus_tristis/xeno_val_454621_s0000.wav,6,Spinus_tristis,1,Cardinalis_cardinalis,softmax,0x00000000,0,1,80371,422895,503266,"[0.16796875,0.19921875,0.05078125,0.03515625,0.19921875,0.05859375,0.19921875,0.08203125]","[-85,-77,-115,-119,-77,-113,-77,-107]"
7,xeno_val_1012677_s0006,,,Xeno-canto_validation,1012677,audio/Turdus_migratorius/xeno_val_1012677_s0006.wav,7,Turdus_migratorius,0,Agelaius_phoeniceus,softmax,0x00000000,0,1,80367,422902,503270,"[0.62109375,0.18359375,0.01171875,0.0546875,0.01171875,0.0078125,0.046875,0.0625]","[31,-81,-125,-114,-125,-126,-116,-112]"
8,xeno_val_1094099_s0008,,,Xeno-canto_validation,1094099,audio/Agelaius_phoeniceus/xeno_val_1094099_s0008.wav,0,Agelaius_phoeniceus,0,Agelaius_phoeniceus,softmax,0x00000000,1,1,80371,422914,503286,"[0.38671875,0.01953125,0.0390625,0.11328125,0.03515625,0.0234375,0.19140625,0.19140625]","[-29,-123,-118,-99,-119,-122,-79,-79]"
9,xeno_val_142555_s0005,,,Xeno-canto_validation,142555,audio/Cardinalis_cardinalis/xeno_val_142555_s0005.wav,1,Cardinalis_cardinalis,1,Cardinalis_cardinalis,softmax,0x00000000,1,1,80372,422911,503283,"[0.01171875,0.51953125,0.18359375,0.01171875,0.00390625,0.2578125,0.01171875,0.00390625]","[-125,5,-81,-125,-127,-62,-125,-127]"
10,xeno_val_160053_s0007,,,Xeno-canto_validation,160053,audio/Certhia_americana/xeno_val_160053_s0007.wav,2,Certhia_americana,0,Agelaius_phoeniceus,softmax,0x00000000,0,1,80375,422919,503294,"[0.17578125,0.1484375,0.17578125,0.125,0.0859375,0.07421875,0.0859375,0.125]","[-83,-90,-83,-96,-106,-109,-106,-96]"
11,xeno_val_639144_s0004,,,Xeno-canto_validation,639144,audio/Corvus_brachyrhynchos/xeno_val_639144_s0004.wav,3,Corvus_brachyrhynchos,3,Corvus_brachyrhynchos,softmax,0x00000000,1,1,80366,422902,503268,"[0.00390625,0.0,0.0,0.99609375,0.0,0.0,0.0,0.0]","[-127,-128,-128,127,-128,-128,-128,-128]"
12,xeno_val_91789_s0008,,,Xeno-canto_validation,91789,audio/Setophaga_aestiva/xeno_val_91789_s0008.wav,4,Setophaga_aestiva,7,Turdus_migratorius,softmax,0x00000000,0,1,80367,422911,503279,"[0.109375,0.12890625,0.12890625,0.18359375,0.046875,0.0546875,0.08984375,0.26171875]","[-100,-95,-95,-81,-116,-114,-105,-61]"
13,xeno_val_372307_s0004,,,Xeno-canto_validation,372307,audio/Setophaga_ruticilla/xeno_val_372307_s0004.wav,5,Setophaga_ruticilla,4,Setophaga_aestiva,softmax,0x00000000,0,1,80371,422908,503280,"[0.2109375,0.17578125,0.03515625,0.10546875,0.25,0.015625,0.0,0.2109375]","[-74,-83,-119,-101,-64,-124,-128,-74]"
14,xeno_val_454621_s0001,,,Xeno-canto_validation,454621,audio/Spinus_tristis/xeno_val_454621_s0001.wav,6,Spinus_tristis,4,Setophaga_aestiva,softmax,0x00000000,0,1,80371,422899,503271,"[0.05859375,0.0703125,0.12109375,0.04296875,0.34375,0.0859375,0.171875,0.1015625]","[-113,-110,-97,-117,-40,-106,-84,-102]"
15,xeno_val_1012677_s0027,,,Xeno-canto_validation,1012677,audio/Turdus_migratorius/xeno_val_1012677_s0027.wav,7,Turdus_migratorius,7,Turdus_migratorius,softmax,0x00000000,1,1,80370,422889,503259,"[0.0,0.0,0.0,0.0,0.0,0.0,0.0,0.99609375]","[-128,-128,-128,-128,-128,-128,-128,127]"
16,xeno_val_1094099_s0016,,,Xeno-canto_validation,1094099,audio/Agelaius_phoeniceus/xeno_val_1094099_s0016.wav,0,Agelaius_phoeniceus,7,Turdus_migratorius,softmax,0x00000000,0,1,80372,422906,503278,"[0.12109375,0.0625,0.0859375,0.00390625,0.00390625,0.00390625,0.015625,0.703125]","[-97,-112,-106,-127,-127,-127,-124,52]"
17,xeno_val_142555_s0009,,,Xeno-canto_validation,142555,audio/Cardinalis_cardinalis/xeno_val_142555_s0009.wav,1,Cardinalis_cardinalis,1,Cardinalis_cardinalis,softmax,0x00000000,1,1,80371,422898,503269,"[0.12109375,0.48828125,0.01171875,0.0,0.34375,0.01953125,0.01171875,0.0]","[-97,-3,-125,-128,-40,-123,-125,-128]"
18,xeno_val_160053_s0011,,,Xeno-canto_validation,160053,audio/Certhia_americana/xeno_val_160053_s0011.wav,2,Certhia_americana,2,Certhia_americana,softmax,0x00000000,1,1,80372,422915,503288,"[0.05078125,0.171875,0.24609375,0.05859375,0.1015625,0.14453125,0.1015625,0.12109375]","[-115,-84,-65,-113,-102,-91,-102,-97]"
19,xeno_val_639144_s0007,,,Xeno-canto_validation,639144,audio/Corvus_brachyrhynchos/xeno_val_639144_s0007.wav,3,Corvus_brachyrhynchos,3,Corvus_brachyrhynchos,softmax,0x00000000,1,1,80368,422901,503270,"[0.0,0.0,0.0,0.99609375,0.0,0.0,0.0,0.0]","[-128,-128,-128,127,-128,-128,-128,-128]"
20,xeno_val_91789_s0012,,,Xeno-canto_validation,91789,audio/Setophaga_aestiva/xeno_val_91789_s0012.wav,4,Setophaga_aestiva,3,Corvus_brachyrhynchos,softmax,0x00000000,0,1,80374,422906,503280,"[0.046875,0.109375,0.22265625,0.265625,0.078125,0.078125,0.046875,0.15625]","[-116,-100,-71,-60,-108,-108,-116,-88]"
21,xeno_val_372307_s0006,,,Xeno-canto_validation,372307,audio/Setophaga_ruticilla/xeno_val_372307_s0006.wav,5,Setophaga_ruticilla,0,Agelaius_phoeniceus,softmax,0x00000000,0,1,80372,422903,503276,"[0.79296875,0.1953125,0.0,0.0,0.0,0.0,0.0,0.01171875]","[75,-78,-128,-128,-128,-128,-128,-125]"
22,xeno_val_454621_s0003,,,Xeno-canto_validation,454621,audio/Spinus_tristis/xeno_val_454621_s0003.wav,6,Spinus_tristis,4,Setophaga_aestiva,softmax,0x00000000,0,1,80373,422901,503274,"[0.10546875,0.15234375,0.0625,0.10546875,0.1796875,0.10546875,0.10546875,0.1796875]","[-101,-89,-112,-101,-82,-101,-101,-82]"
23,xeno_val_1012677_s0043,,,Xeno-canto_validation,1012677,audio/Turdus_migratorius/xeno_val_1012677_s0043.wav,7,Turdus_migratorius,7,Turdus_migratorius,softmax,0x00000000,1,1,80369,422885,503255,"[0.0,0.0,0.0,0.0,0.0,0.0,0.0,0.99609375]","[-128,-128,-128,-128,-128,-128,-128,127]"
24,xeno_val_1094099_s0024,,,Xeno-canto_validation,1094099,audio/Agelaius_phoeniceus/xeno_val_1094099_s0024.wav,0,Agelaius_phoeniceus,0,Agelaius_phoeniceus,softmax,0x00000000,1,1,80363,422910,503274,"[0.39453125,0.13671875,0.0703125,0.02734375,0.046875,0.0078125,0.08203125,0.234375]","[-27,-93,-110,-121,-116,-126,-107,-68]"
25,xeno_val_142555_s0015,,,Xeno-canto_validation,142555,audio/Cardinalis_cardinalis/xeno_val_142555_s0015.wav,1,Cardinalis_cardinalis,6,Spinus_tristis,softmax,0x00000000,0,1,80368,422911,503279,"[0.04296875,0.1015625,0.00390625,0.17578125,0.05078125,0.02734375,0.58984375,0.0078125]","[-117,-102,-127,-83,-115,-121,23,-126]"
26,xeno_val_160053_s0018,,,Xeno-canto_validation,160053,audio/Certhia_americana/xeno_val_160053_s0018.wav,2,Certhia_americana,3,Corvus_brachyrhynchos,softmax,0x00000000,0,1,80370,422917,503287,"[0.16015625,0.16015625,0.1328125,0.22265625,0.1328125,0.02734375,0.03125,0.1328125]","[-87,-87,-94,-71,-94,-121,-120,-94]"
27,xeno_val_639144_s0011,,,Xeno-canto_validation,639144,audio/Corvus_brachyrhynchos/xeno_val_639144_s0011.wav,3,Corvus_brachyrhynchos,3,Corvus_brachyrhynchos,softmax,0x00000000,1,1,80361,422902,503264,"[0.01171875,0.0,0.0,0.984375,0.0,0.0,0.0,0.0]","[-125,-128,-128,124,-128,-128,-128,-128]"
28,xeno_val_91789_s0018,,,Xeno-canto_validation,91789,audio/Setophaga_aestiva/xeno_val_91789_s0018.wav,4,Setophaga_aestiva,4,Setophaga_aestiva,softmax,0x00000000,1,1,80376,422899,503275,"[0.0,0.00390625,0.0,0.0,0.80078125,0.19921875,0.0,0.0]","[-128,-127,-128,-128,77,-77,-128,-128]"
29,xeno_val_372307_s0009,,,Xeno-canto_validation,372307,audio/Setophaga_ruticilla/xeno_val_372307_s0009.wav,5,Setophaga_ruticilla,1,Cardinalis_cardinalis,softmax,0x00000000,0,1,80367,422904,503271,"[0.04296875,0.8125,0.0,0.0,0.140625,0.0,0.0,0.0]","[-117,80,-128,-128,-92,-128,-128,-128]"
30,xeno_val_454621_s0004,,,Xeno-canto_validation,454621,audio/Spinus_tristis/xeno_val_454621_s0004.wav,6,Spinus_tristis,3,Corvus_brachyrhynchos,softmax,0x00000000,0,1,80372,422902,503274,"[0.0703125,0.1171875,0.19921875,0.234375,0.1171875,0.08203125,0.09765625,0.08203125]","[-110,-98,-77,-68,-98,-107,-103,-107]"
31,xeno_val_1012677_s0058,,,Xeno-canto_validation,1012677,audio/Turdus_migratorius/xeno_val_1012677_s0058.wav,7,Turdus_migratorius,7,Turdus_migratorius,softmax,0x00000000,1,1,80372,422885,503257,"[0.0,0.0,0.0,0.0,0.0,0.0,0.0,0.99609375]","[-128,-128,-128,-128,-128,-128,-128,127]"
32,xeno_val_1094099_s0029,,,Xeno-canto_validation,1094099,audio/Agelaius_phoeniceus/xeno_val_1094099_s0029.wav,0,Agelaius_phoeniceus,0,Agelaius_phoeniceus,softmax,0x00000000,1,1,80366,422890,503256,"[0.93359375,0.0078125,0.0078125,0.00390625,0.00390625,0.0,0.0,0.046875]","[111,-126,-126,-127,-127,-128,-128,-116]"
33,xeno_val_142555_s0016,,,Xeno-canto_validation,142555,audio/Cardinalis_cardinalis/xeno_val_142555_s0016.wav,1,Cardinalis_cardinalis,6,Spinus_tristis,softmax,0x00000000,0,1,80367,422911,503279,"[0.0078125,0.03125,0.00390625,0.04296875,0.3671875,0.08984375,0.43359375,0.01953125]","[-126,-120,-127,-117,-34,-105,-17,-123]"
34,xeno_val_160053_s0020,,,Xeno-canto_validation,160053,audio/Certhia_americana/xeno_val_160053_s0020.wav,2,Certhia_americana,1,Cardinalis_cardinalis,softmax,0x00000000,0,1,80376,422903,503279,"[0.01171875,0.421875,0.3515625,0.0,0.125,0.0859375,0.00390625,0.0]","[-125,-20,-38,-128,-96,-106,-127,-128]"
35,xeno_val_639144_s0017,,,Xeno-canto_validation,639144,audio/Corvus_brachyrhynchos/xeno_val_639144_s0017.wav,3,Corvus_brachyrhynchos,3,Corvus_brachyrhynchos,softmax,0x00000000,1,1,80369,422901,503270,"[0.0,0.0,0.0,0.99609375,0.0,0.0,0.0,0.0]","[-128,-128,-128,127,-128,-128,-128,-128]"
36,xeno_val_91789_s0023,,,Xeno-canto_validation,91789,audio/Setophaga_aestiva/xeno_val_91789_s0023.wav,4,Setophaga_aestiva,2,Certhia_americana,softmax,0x00000000,0,1,80369,422902,503271,"[0.0234375,0.08984375,0.30859375,0.30859375,0.12890625,0.0390625,0.0234375,0.078125]","[-122,-105,-49,-49,-95,-118,-122,-108]"
37,xeno_val_372307_s0013,,,Xeno-canto_validation,372307,audio/Setophaga_ruticilla/xeno_val_372307_s0013.wav,5,Setophaga_ruticilla,4,Setophaga_aestiva,softmax,0x00000000,0,1,80373,422901,503275,"[0.00390625,0.0,0.0078125,0.015625,0.9140625,0.015625,0.0390625,0.0]","[-127,-128,-126,-124,106,-124,-118,-128]"
38,xeno_val_454621_s0005,,,Xeno-canto_validation,454621,audio/Spinus_tristis/xeno_val_454621_s0005.wav,6,Spinus_tristis,1,Cardinalis_cardinalis,softmax,0x00000000,0,1,80363,422900,503264,"[0.1328125,0.22265625,0.1328125,0.1328125,0.1328125,0.06640625,0.06640625,0.11328125]","[-94,-71,-94,-94,-94,-111,-111,-99]"
39,xeno_val_1012677_s0071,,,Xeno-canto_validation,1012677,audio/Turdus_migratorius/xeno_val_1012677_s0071.wav,7,Turdus_migratorius,1,Cardinalis_cardinalis,softmax,0x00000000,0,1,80375,422892,503267,"[0.0,0.62890625,0.0,0.0,0.0,0.0,0.0,0.37109375]","[-128,33,-128,-128,-128,-128,-128,-33]"
40,xeno_val_1094099_s0043,,,Xeno-canto_validation,1094099,audio/Agelaius_phoeniceus/xeno_val_1094099_s0043.wav,0,Agelaius_phoeniceus,7,Turdus_migratorius,softmax,0x00000000,0,1,80368,422894,503263,"[0.1875,0.16015625,0.03125,0.1875,0.015625,0.03125,0.00390625,0.37890625]","[-80,-87,-120,-80,-124,-120,-127,-31]"
41,xeno_val_142555_s0022,,,Xeno-canto_validation,142555,audio/Cardinalis_cardinalis/xeno_val_142555_s0022.wav,1,Cardinalis_cardinalis,4,Setophaga_aestiva,softmax,0x00000000,0,1,80376,422911,503288,"[0.01171875,0.28515625,0.00390625,0.01171875,0.33984375,0.28515625,0.05859375,0.00390625]","[-125,-55,-127,-125,-41,-55,-113,-127]"
42,xeno_val_160053_s0027,,,Xeno-canto_validation,160053,audio/Certhia_americana/xeno_val_160053_s0027.wav,2,Certhia_americana,0,Agelaius_phoeniceus,softmax,0x00000000,0,1,80372,422908,503280,"[0.19921875,0.140625,0.19921875,0.16796875,0.1171875,0.0234375,0.03515625,0.1171875]","[-77,-92,-77,-85,-98,-122,-119,-98]"
43,xeno_val_639144_s0022,,,Xeno-canto_validation,639144,audio/Corvus_brachyrhynchos/xeno_val_639144_s0022.wav,3,Corvus_brachyrhynchos,3,Corvus_brachyrhynchos,softmax,0x00000000,1,1,80364,422900,503264,"[0.0,0.0,0.0,0.99609375,0.0,0.0,0.0,0.0]","[-128,-128,-128,127,-128,-128,-128,-128]"
44,xeno_val_91789_s0027,,,Xeno-canto_validation,91789,audio/Setophaga_aestiva/xeno_val_91789_s0027.wav,4,Setophaga_aestiva,4,Setophaga_aestiva,softmax,0x00000000,1,1,80370,422898,503269,"[0.01953125,0.234375,0.140625,0.03515625,0.27734375,0.1640625,0.01171875,0.1171875]","[-123,-68,-92,-119,-57,-86,-125,-98]"
45,xeno_val_372307_s0015,,,Xeno-canto_validation,372307,audio/Setophaga_ruticilla/xeno_val_372307_s0015.wav,5,Setophaga_ruticilla,3,Corvus_brachyrhynchos,softmax,0x00000000,0,1,80370,422907,503277,"[0.140625,0.33984375,0.0,0.40234375,0.0703125,0.0,0.0,0.04296875]","[-92,-41,-128,-25,-110,-128,-128,-117]"
46,xeno_val_454621_s0006,,,Xeno-canto_validation,454621,audio/Spinus_tristis/xeno_val_454621_s0006.wav,6,Spinus_tristis,3,Corvus_brachyrhynchos,softmax,0x00000000,0,1,80361,422904,503265,"[0.0859375,0.203125,0.0703125,0.2890625,0.01953125,0.01171875,0.03125,0.2890625]","[-106,-76,-110,-54,-123,-125,-120,-54]"
47,xeno_val_1012677_s0092,,,Xeno-canto_validation,1012677,audio/Turdus_migratorius/xeno_val_1012677_s0092.wav,7,Turdus_migratorius,7,Turdus_migratorius,softmax,0x00000000,1,1,80371,422894,503265,"[0.0,0.0390625,0.00390625,0.0,0.00390625,0.0078125,0.0234375,0.91796875]","[-128,-118,-127,-128,-127,-126,-122,107]"
48,xeno_val_1094099_s0046,,,Xeno-canto_validation,1094099,audio/Agelaius_phoeniceus/xeno_val_1094099_s0046.wav,0,Agelaius_phoeniceus,7,Turdus_migratorius,softmax,0x00000000,0,1,80372,422915,503288,"[0.11328125,0.09765625,0.11328125,0.09765625,0.046875,0.015625,0.05859375,0.4609375]","[-99,-103,-99,-103,-116,-124,-113,-10]"
49,xeno_val_142555_s0026,,,Xeno-canto_validation,142555,audio/Cardinalis_cardinalis/xeno_val_142555_s0026.wav,1,Cardinalis_cardinalis,4,Setophaga_aestiva,softmax,0x00000000,0,1,80377,422907,503284,"[0.00390625,0.015625,0.0,0.0,0.5546875,0.23046875,0.1953125,0.0]","[-127,-124,-128,-128,14,-69,-78,-128]"
50,xeno_val_160053_s0030,,,Xeno-canto_validation,160053,audio/Certhia_americana/xeno_val_160053_s0030.wav,2,Certhia_americana,1,Cardinalis_cardinalis,softmax,0x00000000,0,1,80373,422917,503291,"[0.109375,0.26171875,0.109375,0.109375,0.08984375,0.0625,0.12890625,0.12890625]","[-100,-61,-100,-100,-105,-112,-95,-95]"
51,xeno_val_639144_s0023,,,Xeno-canto_validation,639144,audio/Corvus_brachyrhynchos/xeno_val_639144_s0023.wav,3,Corvus_brachyrhynchos,3,Corvus_brachyrhynchos,softmax,0x00000000,1,1,80368,422901,503270,"[0.0,0.0,0.0,0.99609375,0.0,0.0,0.0,0.0]","[-128,-128,-128,127,-128,-128,-128,-128]"
52,xeno_val_91789_s0034,,,Xeno-canto_validation,91789,audio/Setophaga_aestiva/xeno_val_91789_s0034.wav,4,Setophaga_aestiva,7,Turdus_migratorius,softmax,0x00000000,0,1,80363,422909,503272,"[0.0625,0.21875,0.12890625,0.18359375,0.02734375,0.01171875,0.109375,0.2578125]","[-112,-72,-95,-81,-121,-125,-100,-62]"
53,xeno_val_372307_s0018,,,Xeno-canto_validation,372307,audio/Setophaga_ruticilla/xeno_val_372307_s0018.wav,5,Setophaga_ruticilla,0,Agelaius_phoeniceus,softmax,0x00000000,0,1,80371,422900,503272,"[0.9375,0.00390625,0.0,0.01171875,0.03515625,0.0,0.0,0.015625]","[112,-127,-128,-125,-119,-128,-128,-124]"
54,xeno_val_454621_s0008,,,Xeno-canto_validation,454621,audio/Spinus_tristis/xeno_val_454621_s0008.wav,6,Spinus_tristis,7,Turdus_migratorius,softmax,0x00000000,0,1,80370,422904,503275,"[0.0390625,0.16015625,0.1875,0.2265625,0.03125,0.0234375,0.01171875,0.3203125]","[-118,-87,-80,-70,-120,-122,-125,-46]"
55,xeno_val_1012677_s0107,,,Xeno-canto_validation,1012677,audio/Turdus_migratorius/xeno_val_1012677_s0107.wav,7,Turdus_migratorius,6,Spinus_tristis,softmax,0x00000000,0,1,80370,422920,503291,"[0.08984375,0.0078125,0.0625,0.2109375,0.04296875,0.03125,0.51171875,0.04296875]","[-105,-126,-112,-74,-117,-120,3,-117]"
56,xeno_val_1094099_s0052,,,Xeno-canto_validation,1094099,audio/Agelaius_phoeniceus/xeno_val_1094099_s0052.wav,0,Agelaius_phoeniceus,3,Corvus_brachyrhynchos,softmax,0x00000000,0,1,80369,422900,503270,"[0.0,0.00390625,0.00390625,0.98828125,0.0,0.0,0.0,0.00390625]","[-128,-127,-127,125,-128,-128,-128,-127]"
57,xeno_val_142555_s0030,,,Xeno-canto_validation,142555,audio/Cardinalis_cardinalis/xeno_val_142555_s0030.wav,1,Cardinalis_cardinalis,1,Cardinalis_cardinalis,softmax,0x00000000,1,1,80369,422897,503267,"[0.00390625,0.91796875,0.0,0.0,0.046875,0.02734375,0.00390625,0.0]","[-127,107,-128,-128,-116,-121,-127,-128]"
58,xeno_val_160053_s0034,,,Xeno-canto_validation,160053,audio/Certhia_americana/xeno_val_160053_s0034.wav,2,Certhia_americana,0,Agelaius_phoeniceus,softmax,0x00000000,0,1,80365,422906,503271,"[0.23828125,0.1015625,0.23828125,0.05859375,0.04296875,0.03125,0.12109375,0.16796875]","[-67,-102,-67,-113,-117,-120,-97,-85]"
59,xeno_val_639144_s0030,,,Xeno-canto_validation,639144,audio/Corvus_brachyrhynchos/xeno_val_639144_s0030.wav,3,Corvus_brachyrhynchos,3,Corvus_brachyrhynchos,softmax,0x00000000,1,1,80360,422904,503264,"[0.0,0.0,0.0,0.99609375,0.0,0.0,0.0,0.0]","[-128,-128,-128,127,-128,-128,-128,-128]"
60,xeno_val_91789_s0040,,,Xeno-canto_validation,91789,audio/Setophaga_aestiva/xeno_val_91789_s0040.wav,4,Setophaga_aestiva,2,Certhia_americana,softmax,0x00000000,0,1,80368,422906,503275,"[0.046875,0.13671875,0.23046875,0.09765625,0.19140625,0.16015625,0.05859375,0.08203125]","[-116,-93,-69,-103,-79,-87,-113,-107]"
61,xeno_val_372307_s0023,,,Xeno-canto_validation,372307,audio/Setophaga_ruticilla/xeno_val_372307_s0023.wav,5,Setophaga_ruticilla,4,Setophaga_aestiva,softmax,0x00000000,0,1,80369,422901,503270,"[0.08203125,0.1640625,0.0078125,0.00390625,0.66015625,0.0,0.02734375,0.05859375]","[-107,-86,-126,-127,41,-128,-121,-113]"
62,xeno_val_454621_s0009,,,Xeno-canto_validation,454621,audio/Spinus_tristis/xeno_val_454621_s0009.wav,6,Spinus_tristis,7,Turdus_migratorius,softmax,0x00000000,0,1,80368,422907,503275,"[0.046875,0.21875,0.18359375,0.15234375,0.03125,0.0625,0.046875,0.2578125]","[-116,-72,-81,-89,-120,-112,-116,-62]"
63,xeno_val_1012677_s0119,,,Xeno-canto_validation,1012677,audio/Turdus_migratorius/xeno_val_1012677_s0119.wav,7,Turdus_migratorius,3,Corvus_brachyrhynchos,softmax,0x00000000,0,1,80365,422920,503285,"[0.1484375,0.0078125,0.05078125,0.30078125,0.03515625,0.03125,0.30078125,0.125]","[-90,-126,-115,-51,-119,-120,-51,-96]"
64,db3v_common20_r1_531004_31_s00,,,DB3V_common_20shot_heldout,r1:531004_31,audio/Agelaius_phoeniceus/db3v_common20_r1_531004_31_s00.wav,0,Agelaius_phoeniceus,4,Setophaga_aestiva,softmax,0x00000000,0,1,80371,422891,503262,"[0.07421875,0.0625,0.07421875,0.015625,0.60546875,0.125,0.02734375,0.01171875]","[-109,-112,-109,-124,27,-96,-121,-125]"
65,db3v_common20_r1_725495_13_s00,,,DB3V_common_20shot_heldout,r1:725495_13,audio/Cardinalis_cardinalis/db3v_common20_r1_725495_13_s00.wav,1,Cardinalis_cardinalis,2,Certhia_americana,softmax,0x00000000,0,1,80373,422916,503290,"[0.0703125,0.12109375,0.2421875,0.171875,0.05078125,0.14453125,0.03125,0.171875]","[-110,-97,-66,-84,-115,-91,-120,-84]"
66,db3v_common20_r1_153402_1_s00,,,DB3V_common_20shot_heldout,r1:153402_1,audio/Certhia_americana/db3v_common20_r1_153402_1_s00.wav,2,Certhia_americana,1,Cardinalis_cardinalis,softmax,0x00000000,0,1,80368,422891,503259,"[0.0,0.953125,0.015625,0.0,0.02734375,0.0,0.0,0.0]","[-128,116,-124,-128,-121,-128,-128,-128]"
67,db3v_common20_r1_279723_0_s00,,,DB3V_common_20shot_heldout,r1:279723_0,audio/Corvus_brachyrhynchos/db3v_common20_r1_279723_0_s00.wav,3,Corvus_brachyrhynchos,4,Setophaga_aestiva,softmax,0x00000000,0,1,80378,422909,503287,"[0.0234375,0.01953125,0.0625,0.2109375,0.42578125,0.2109375,0.03125,0.0234375]","[-122,-123,-112,-74,-19,-74,-120,-122]"
68,db3v_common20_r1_577345_10_s00,,,DB3V_common_20shot_heldout,r1:577345_10,audio/Setophaga_aestiva/db3v_common20_r1_577345_10_s00.wav,4,Setophaga_aestiva,4,Setophaga_aestiva,softmax,0x00000000,1,1,80377,422883,503260,"[0.0,0.0,0.03125,0.0,0.91796875,0.046875,0.00390625,0.0]","[-128,-128,-120,-128,107,-116,-127,-128]"
69,db3v_common20_r1_193127_19_s00,,,DB3V_common_20shot_heldout,r1:193127_19,audio/Setophaga_ruticilla/db3v_common20_r1_193127_19_s00.wav,5,Setophaga_ruticilla,4,Setophaga_aestiva,softmax,0x00000000,0,1,80372,422892,503265,"[0.05078125,0.09765625,0.03515625,0.1171875,0.6796875,0.0078125,0.0,0.01171875]","[-115,-103,-119,-98,46,-126,-128,-125]"
70,db3v_common20_r1_437593_1_s00,,,DB3V_common_20shot_heldout,r1:437593_1,audio/Spinus_tristis/db3v_common20_r1_437593_1_s00.wav,6,Spinus_tristis,7,Turdus_migratorius,softmax,0x00000000,0,1,80372,422900,503272,"[0.01171875,0.4140625,0.0,0.0,0.05078125,0.03125,0.0,0.4921875]","[-125,-22,-128,-128,-115,-120,-128,-2]"
71,db3v_common20_r1_378442_3_s00,,,DB3V_common_20shot_heldout,r1:378442_3,audio/Turdus_migratorius/db3v_common20_r1_378442_3_s00.wav,7,Turdus_migratorius,5,Setophaga_ruticilla,softmax,0x00000000,0,1,80372,422915,503287,"[0.13671875,0.05859375,0.01953125,0.0390625,0.1171875,0.46484375,0.08203125,0.08203125]","[-93,-113,-123,-118,-98,-9,-107,-107]"
72,db3v_common20_r1_531004_31_s01,,,DB3V_common_20shot_heldout,r1:531004_31,audio/Agelaius_phoeniceus/db3v_common20_r1_531004_31_s01.wav,0,Agelaius_phoeniceus,3,Corvus_brachyrhynchos,softmax,0x00000000,0,1,80373,422895,503268,"[0.25,0.17578125,0.0,0.35546875,0.07421875,0.0078125,0.02734375,0.10546875]","[-64,-83,-128,-37,-109,-126,-121,-101]"
73,db3v_common20_r1_725495_13_s01,,,DB3V_common_20shot_heldout,r1:725495_13,audio/Cardinalis_cardinalis/db3v_common20_r1_725495_13_s01.wav,1,Cardinalis_cardinalis,7,Turdus_migratorius,softmax,0x00000000,0,1,80370,422890,503260,"[0.0,0.00390625,0.0,0.0,0.0,0.0,0.0,0.99609375]","[-128,-127,-128,-128,-128,-128,-128,127]"
74,db3v_common20_r1_153402_1_s01,,,DB3V_common_20shot_heldout,r1:153402_1,audio/Certhia_americana/db3v_common20_r1_153402_1_s01.wav,2,Certhia_americana,0,Agelaius_phoeniceus,softmax,0x00000000,0,1,80368,422916,503285,"[0.45703125,0.0390625,0.02734375,0.0,0.1328125,0.046875,0.2265625,0.06640625]","[-11,-118,-121,-128,-94,-116,-70,-111]"
75,db3v_common20_r1_279723_0_s01,,,DB3V_common_20shot_heldout,r1:279723_0,audio/Corvus_brachyrhynchos/db3v_common20_r1_279723_0_s01.wav,3,Corvus_brachyrhynchos,3,Corvus_brachyrhynchos,softmax,0x00000000,1,1,80376,422902,503279,"[0.0,0.0,0.0,0.99609375,0.0,0.0,0.0,0.0]","[-128,-128,-128,127,-128,-128,-128,-128]"
76,db3v_common20_r1_577345_10_s01,,,DB3V_common_20shot_heldout,r1:577345_10,audio/Setophaga_aestiva/db3v_common20_r1_577345_10_s01.wav,4,Setophaga_aestiva,4,Setophaga_aestiva,softmax,0x00000000,1,1,80376,422892,503268,"[0.0625,0.0546875,0.01171875,0.0,0.7265625,0.10546875,0.0390625,0.0]","[-112,-114,-125,-128,58,-101,-118,-128]"
77,db3v_common20_r1_193127_19_s01,,,DB3V_common_20shot_heldout,r1:193127_19,audio/Setophaga_ruticilla/db3v_common20_r1_193127_19_s01.wav,5,Setophaga_ruticilla,4,Setophaga_aestiva,softmax,0x00000000,0,1,80370,422892,503263,"[0.00390625,0.01953125,0.0,0.0,0.94921875,0.02734375,0.0,0.0]","[-127,-123,-128,-128,115,-121,-128,-128]"
78,db3v_common20_r1_437593_1_s01,,,DB3V_common_20shot_heldout,r1:437593_1,audio/Spinus_tristis/db3v_common20_r1_437593_1_s01.wav,6,Spinus_tristis,7,Turdus_migratorius,softmax,0x00000000,0,1,80376,422899,503276,"[0.11328125,0.11328125,0.0,0.015625,0.01953125,0.02734375,0.046875,0.65625]","[-99,-99,-128,-124,-123,-121,-116,40]"
79,db3v_common20_r1_378442_3_s01,,,DB3V_common_20shot_heldout,r1:378442_3,audio/Turdus_migratorius/db3v_common20_r1_378442_3_s01.wav,7,Turdus_migratorius,1,Cardinalis_cardinalis,softmax,0x00000000,0,1,80376,422907,503283,"[0.14453125,0.6875,0.0,0.0,0.0,0.0,0.0,0.16796875]","[-91,48,-128,-128,-128,-128,-128,-85]"
80,db3v_common20_r1_531004_31_s02,,,DB3V_common_20shot_heldout,r1:531004_31,audio/Agelaius_phoeniceus/db3v_common20_r1_531004_31_s02.wav,0,Agelaius_phoeniceus,3,Corvus_brachyrhynchos,softmax,0x00000000,0,1,80371,422894,503266,"[0.1875,0.1875,0.0078125,0.375,0.06640625,0.0078125,0.01171875,0.15625]","[-80,-80,-126,-32,-111,-126,-125,-88]"
81,db3v_common20_r1_725495_13_s02,,,DB3V_common_20shot_heldout,r1:725495_13,audio/Cardinalis_cardinalis/db3v_common20_r1_725495_13_s02.wav,1,Cardinalis_cardinalis,7,Turdus_migratorius,softmax,0x00000000,0,1,80376,422886,503263,"[0.15625,0.18359375,0.03125,0.015625,0.00390625,0.00390625,0.078125,0.52734375]","[-88,-81,-120,-124,-127,-127,-108,7]"
82,db3v_common20_r1_153402_1_s02,,,DB3V_common_20shot_heldout,r1:153402_1,audio/Certhia_americana/db3v_common20_r1_153402_1_s02.wav,2,Certhia_americana,0,Agelaius_phoeniceus,softmax,0x00000000,0,1,80372,422914,503287,"[0.4765625,0.09765625,0.04296875,0.00390625,0.19921875,0.05859375,0.05078125,0.0703125]","[-6,-103,-117,-127,-77,-113,-115,-110]"
83,db3v_common20_r1_279723_0_s02,,,DB3V_common_20shot_heldout,r1:279723_0,audio/Corvus_brachyrhynchos/db3v_common20_r1_279723_0_s02.wav,3,Corvus_brachyrhynchos,4,Setophaga_aestiva,softmax,0x00000000,0,1,80370,422913,503283,"[0.05859375,0.1015625,0.1015625,0.1015625,0.2421875,0.2421875,0.05078125,0.1015625]","[-113,-102,-102,-102,-66,-66,-115,-102]"
84,db3v_common20_r1_577345_10_s02,,,DB3V_common_20shot_heldout,r1:577345_10,audio/Setophaga_aestiva/db3v_common20_r1_577345_10_s02.wav,4,Setophaga_aestiva,4,Setophaga_aestiva,softmax,0x00000000,1,1,80373,422896,503270,"[0.08203125,0.05859375,0.015625,0.0,0.8046875,0.03515625,0.0,0.0078125]","[-107,-113,-124,-128,78,-119,-128,-126]"
85,db3v_common20_r1_193127_19_s02,,,DB3V_common_20shot_heldout,r1:193127_19,audio/Setophaga_ruticilla/db3v_common20_r1_193127_19_s02.wav,5,Setophaga_ruticilla,5,Setophaga_ruticilla,softmax,0x00000000,1,1,80368,422891,503259,"[0.0,0.0,0.0703125,0.0,0.1015625,0.828125,0.0,0.0]","[-128,-128,-110,-128,-102,84,-128,-128]"
86,db3v_common20_r1_437593_1_s02,,,DB3V_common_20shot_heldout,r1:437593_1,audio/Spinus_tristis/db3v_common20_r1_437593_1_s02.wav,6,Spinus_tristis,7,Turdus_migratorius,softmax,0x00000000,0,1,80374,422895,503269,"[0.09375,0.0390625,0.00390625,0.02734375,0.078125,0.015625,0.09375,0.6484375]","[-104,-118,-127,-121,-108,-124,-104,38]"
87,db3v_common20_r1_378442_3_s02,,,DB3V_common_20shot_heldout,r1:378442_3,audio/Turdus_migratorius/db3v_common20_r1_378442_3_s02.wav,7,Turdus_migratorius,6,Spinus_tristis,softmax,0x00000000,0,1,80367,422916,503284,"[0.1640625,0.046875,0.01953125,0.046875,0.046875,0.1171875,0.390625,0.1640625]","[-86,-116,-123,-116,-116,-98,-28,-86]"
88,db3v_common20_r1_531004_31_s03,,,DB3V_common_20shot_heldout,r1:531004_31,audio/Agelaius_phoeniceus/db3v_common20_r1_531004_31_s03.wav,0,Agelaius_phoeniceus,0,Agelaius_phoeniceus,softmax,0x00000000,1,1,80367,422895,503262,"[0.76171875,0.0546875,0.0,0.11328125,0.015625,0.0,0.0,0.0546875]","[67,-114,-128,-99,-124,-128,-128,-114]"
89,db3v_common20_r1_725495_13_s03,,,DB3V_common_20shot_heldout,r1:725495_13,audio/Cardinalis_cardinalis/db3v_common20_r1_725495_13_s03.wav,1,Cardinalis_cardinalis,1,Cardinalis_cardinalis,softmax,0x00000000,1,1,80373,422897,503270,"[0.0078125,0.67578125,0.0,0.0,0.0,0.0,0.08203125,0.234375]","[-126,45,-128,-128,-128,-128,-107,-68]"
90,db3v_common20_r1_153402_1_s03,,,DB3V_common_20shot_heldout,r1:153402_1,audio/Certhia_americana/db3v_common20_r1_153402_1_s03.wav,2,Certhia_americana,0,Agelaius_phoeniceus,softmax,0x00000000,0,1,80370,422921,503291,"[0.70703125,0.04296875,0.0625,0.0,0.07421875,0.02734375,0.0625,0.03125]","[53,-117,-112,-128,-109,-121,-112,-120]"
91,db3v_common20_r1_279723_0_s03,,,DB3V_common_20shot_heldout,r1:279723_0,audio/Corvus_brachyrhynchos/db3v_common20_r1_279723_0_s03.wav,3,Corvus_brachyrhynchos,3,Corvus_brachyrhynchos,softmax,0x00000000,1,1,80372,422913,503286,"[0.0703125,0.04296875,0.03125,0.34375,0.203125,0.203125,0.0859375,0.01953125]","[-110,-117,-120,-40,-76,-76,-106,-123]"
92,db3v_common20_r1_577345_10_s03,,,DB3V_common_20shot_heldout,r1:577345_10,audio/Setophaga_aestiva/db3v_common20_r1_577345_10_s03.wav,4,Setophaga_aestiva,4,Setophaga_aestiva,softmax,0x00000000,1,1,80371,422899,503270,"[0.1640625,0.0703125,0.0234375,0.0,0.6640625,0.05859375,0.0,0.01953125]","[-86,-110,-122,-128,42,-113,-128,-123]"
93,db3v_common20_r1_193127_19_s03,,,DB3V_common_20shot_heldout,r1:193127_19,audio/Setophaga_ruticilla/db3v_common20_r1_193127_19_s03.wav,5,Setophaga_ruticilla,5,Setophaga_ruticilla,softmax,0x00000000,1,1,80367,422898,503266,"[0.00390625,0.0234375,0.02734375,0.0,0.36328125,0.515625,0.00390625,0.0625]","[-127,-122,-121,-128,-35,4,-127,-112]"
94,db3v_common20_r1_437593_1_s03,,,DB3V_common_20shot_heldout,r1:437593_1,audio/Spinus_tristis/db3v_common20_r1_437593_1_s03.wav,6,Spinus_tristis,7,Turdus_migratorius,softmax,0x00000000,0,1,80375,422897,503273,"[0.1640625,0.234375,0.00390625,0.00390625,0.01171875,0.01171875,0.0078125,0.5625]","[-86,-68,-127,-127,-125,-125,-126,16]"
95,db3v_common20_r1_378442_3_s03,,,DB3V_common_20shot_heldout,r1:378442_3,audio/Turdus_migratorius/db3v_common20_r1_378442_3_s03.wav,7,Turdus_migratorius,5,Setophaga_ruticilla,softmax,0x00000000,0,1,80375,422917,503292,"[0.078125,0.03125,0.078125,0.078125,0.06640625,0.37890625,0.1328125,0.15625]","[-108,-120,-108,-108,-111,-31,-94,-88]"
96,db3v_common20_r1_531004_31_s04,,,DB3V_common_20shot_heldout,r1:531004_31,audio/Agelaius_phoeniceus/db3v_common20_r1_531004_31_s04.wav,0,Agelaius_phoeniceus,0,Agelaius_phoeniceus,softmax,0x00000000,1,1,80367,422896,503263,"[0.2421875,0.1015625,0.00390625,0.2421875,0.12109375,0.05078125,0.1015625,0.14453125]","[-66,-102,-127,-66,-97,-115,-102,-91]"
97,db3v_common20_r1_725495_13_s04,,,DB3V_common_20shot_heldout,r1:725495_13,audio/Cardinalis_cardinalis/db3v_common20_r1_725495_13_s04.wav,1,Cardinalis_cardinalis,1,Cardinalis_cardinalis,softmax,0x00000000,1,1,80372,422917,503290,"[0.05859375,0.5625,0.08203125,0.1640625,0.01953125,0.0390625,0.01171875,0.05859375]","[-113,16,-107,-86,-123,-118,-125,-113]"
98,db3v_common20_r1_153402_1_s04,,,DB3V_common_20shot_heldout,r1:153402_1,audio/Certhia_americana/db3v_common20_r1_153402_1_s04.wav,2,Certhia_americana,2,Certhia_americana,softmax,0x00000000,1,1,80373,422919,503293,"[0.28125,0.04296875,0.40234375,0.0078125,0.1171875,0.015625,0.1171875,0.015625]","[-56,-117,-25,-126,-98,-124,-98,-124]"
99,db3v_common20_r1_279723_0_s04,,,DB3V_common_20shot_heldout,r1:279723_0,audio/Corvus_brachyrhynchos/db3v_common20_r1_279723_0_s04.wav,3,Corvus_brachyrhynchos,3,Corvus_brachyrhynchos,softmax,0x00000000,1,1,80374,422897,503272,"[0.0,0.0,0.0,0.99609375,0.0,0.0,0.0,0.0]","[-128,-128,-128,127,-128,-128,-128,-128]"
100,db3v_common20_r1_577345_10_s04,,,DB3V_common_20shot_heldout,r1:577345_10,audio/Setophaga_aestiva/db3v_common20_r1_577345_10_s04.wav,4,Setophaga_aestiva,4,Setophaga_aestiva,softmax,0x00000000,1,1,80366,422897,503263,"[0.05859375,0.08203125,0.05859375,0.0,0.66796875,0.09765625,0.0,0.03515625]","[-113,-107,-113,-128,43,-103,-128,-119]"
101,db3v_common20_r1_193127_19_s04,,,DB3V_common_20shot_heldout,r1:193127_19,audio/Setophaga_ruticilla/db3v_common20_r1_193127_19_s04.wav,5,Setophaga_ruticilla,6,Spinus_tristis,softmax,0x00000000,0,1,80370,422900,503271,"[0.0234375,0.04296875,0.25,0.01953125,0.25,0.08984375,0.30078125,0.02734375]","[-122,-117,-64,-123,-64,-105,-51,-121]"
102,db3v_common20_r1_437593_1_s04,,,DB3V_common_20shot_heldout,r1:437593_1,audio/Spinus_tristis/db3v_common20_r1_437593_1_s04.wav,6,Spinus_tristis,6,Spinus_tristis,softmax,0x00000000,1,1,80374,422895,503269,"[0.01171875,0.09765625,0.00390625,0.1171875,0.05859375,0.02734375,0.56640625,0.1171875]","[-125,-103,-127,-98,-113,-121,17,-98]"
103,db3v_common20_r1_378442_3_s04,,,DB3V_common_20shot_heldout,r1:378442_3,audio/Turdus_migratorius/db3v_common20_r1_378442_3_s04.wav,7,Turdus_migratorius,6,Spinus_tristis,softmax,0x00000000,0,1,80372,422917,503290,"[0.24609375,0.02734375,0.02734375,0.03515625,0.04296875,0.1015625,0.41796875,0.1015625]","[-65,-121,-121,-119,-117,-102,-21,-102]"
104,db3v_common20_r1_531004_31_s05,,,DB3V_common_20shot_heldout,r1:531004_31,audio/Agelaius_phoeniceus/db3v_common20_r1_531004_31_s05.wav,0,Agelaius_phoeniceus,3,Corvus_brachyrhynchos,softmax,0x00000000,0,1,80368,422891,503259,"[0.0546875,0.0234375,0.0,0.875,0.0234375,0.0,0.0,0.0234375]","[-114,-122,-128,96,-122,-128,-128,-122]"
105,db3v_common20_r1_725495_13_s05,,,DB3V_common_20shot_heldout,r1:725495_13,audio/Cardinalis_cardinalis/db3v_common20_r1_725495_13_s05.wav,1,Cardinalis_cardinalis,7,Turdus_migratorius,softmax,0x00000000,0,1,80372,422914,503287,"[0.15234375,0.12890625,0.21484375,0.08984375,0.0546875,0.0625,0.04296875,0.25390625]","[-89,-95,-73,-105,-114,-112,-117,-63]"
106,db3v_common20_r1_153402_1_s05,,,DB3V_common_20shot_heldout,r1:153402_1,audio/Certhia_americana/db3v_common20_r1_153402_1_s05.wav,2,Certhia_americana,2,Certhia_americana,softmax,0x00000000,1,1,80359,422919,503279,"[0.08203125,0.03515625,0.4765625,0.00390625,0.23828125,0.0703125,0.08203125,0.0078125]","[-107,-119,-6,-127,-67,-110,-107,-126]"
107,db3v_common20_r1_279723_0_s05,,,DB3V_common_20shot_heldout,r1:279723_0,audio/Corvus_brachyrhynchos/db3v_common20_r1_279723_0_s05.wav,3,Corvus_brachyrhynchos,3,Corvus_brachyrhynchos,softmax,0x00000000,1,1,80375,422824,503200,"[0.0,0.0,0.0,0.99609375,0.0,0.0,0.0,0.0]","[-128,-128,-128,127,-128,-128,-128,-128]"
108,db3v_common20_r1_577345_10_s05,,,DB3V_common_20shot_heldout,r1:577345_10,audio/Setophaga_aestiva/db3v_common20_r1_577345_10_s05.wav,4,Setophaga_aestiva,4,Setophaga_aestiva,softmax,0x00000000,1,1,80370,422899,503270,"[0.09765625,0.1171875,0.09765625,0.0,0.47265625,0.1171875,0.00390625,0.09765625]","[-103,-98,-103,-128,-7,-98,-127,-103]"
109,db3v_common20_r1_193127_19_s05,,,DB3V_common_20shot_heldout,r1:193127_19,audio/Setophaga_ruticilla/db3v_common20_r1_193127_19_s05.wav,5,Setophaga_ruticilla,7,Turdus_migratorius,softmax,0x00000000,0,1,80372,422903,503275,"[0.1484375,0.125,0.125,0.0625,0.125,0.125,0.04296875,0.25]","[-90,-96,-96,-112,-96,-96,-117,-64]"
110,db3v_common20_r1_437593_1_s05,,,DB3V_common_20shot_heldout,r1:437593_1,audio/Spinus_tristis/db3v_common20_r1_437593_1_s05.wav,6,Spinus_tristis,1,Cardinalis_cardinalis,softmax,0x00000000,0,1,80369,422900,503270,"[0.0703125,0.47265625,0.0,0.0078125,0.02734375,0.0703125,0.015625,0.3359375]","[-110,-7,-128,-126,-121,-110,-124,-42]"
111,db3v_common20_r1_378442_3_s05,,,DB3V_common_20shot_heldout,r1:378442_3,audio/Turdus_migratorius/db3v_common20_r1_378442_3_s05.wav,7,Turdus_migratorius,7,Turdus_migratorius,softmax,0x00000000,1,1,80370,422909,503279,"[0.0390625,0.04296875,0.0,0.00390625,0.0078125,0.01953125,0.01171875,0.875]","[-118,-117,-128,-127,-126,-123,-125,96]"
112,db3v_common20_r1_531004_31_s06,,,DB3V_common_20shot_heldout,r1:531004_31,audio/Agelaius_phoeniceus/db3v_common20_r1_531004_31_s06.wav,0,Agelaius_phoeniceus,7,Turdus_migratorius,softmax,0x00000000,0,1,80371,422894,503266,"[0.109375,0.21875,0.0078125,0.109375,0.08984375,0.078125,0.078125,0.30859375]","[-100,-72,-126,-100,-105,-108,-108,-49]"
113,db3v_common20_r1_725495_13_s06,,,DB3V_common_20shot_heldout,r1:725495_13,audio/Cardinalis_cardinalis/db3v_common20_r1_725495_13_s06.wav,1,Cardinalis_cardinalis,7,Turdus_migratorius,softmax,0x00000000,0,1,80378,422890,503269,"[0.1328125,0.0546875,0.00390625,0.0,0.00390625,0.0,0.03125,0.765625]","[-94,-114,-127,-128,-127,-128,-120,68]"
114,db3v_common20_r1_153402_1_s06,,,DB3V_common_20shot_heldout,r1:153402_1,audio/Certhia_americana/db3v_common20_r1_153402_1_s06.wav,2,Certhia_americana,0,Agelaius_phoeniceus,softmax,0x00000000,0,1,80372,422919,503292,"[0.23828125,0.0859375,0.0703125,0.01953125,0.16796875,0.140625,0.203125,0.0703125]","[-67,-106,-110,-123,-85,-92,-76,-110]"
115,db3v_common20_r1_279723_0_s06,,,DB3V_common_20shot_heldout,r1:279723_0,audio/Corvus_brachyrhynchos/db3v_common20_r1_279723_0_s06.wav,3,Corvus_brachyrhynchos,3,Corvus_brachyrhynchos,softmax,0x00000000,1,1,80372,422825,503198,"[0.0,0.0,0.0,0.99609375,0.0,0.0,0.0,0.0]","[-128,-128,-128,127,-128,-128,-128,-128]"
116,db3v_common20_r1_577345_10_s06,,,DB3V_common_20shot_heldout,r1:577345_10,audio/Setophaga_aestiva/db3v_common20_r1_577345_10_s06.wav,4,Setophaga_aestiva,4,Setophaga_aestiva,softmax,0x00000000,1,1,80371,422893,503264,"[0.0390625,0.0078125,0.01171875,0.0,0.93359375,0.0078125,0.0,0.0]","[-118,-126,-125,-128,111,-126,-128,-128]"
117,db3v_common20_r1_193127_19_s06,,,DB3V_common_20shot_heldout,r1:193127_19,audio/Setophaga_ruticilla/db3v_common20_r1_193127_19_s06.wav,5,Setophaga_ruticilla,2,Certhia_americana,softmax,0x00000000,0,1,80370,422887,503257,"[0.06640625,0.0390625,0.52734375,0.0,0.3125,0.046875,0.0078125,0.0]","[-111,-118,7,-128,-48,-116,-126,-128]"
118,db3v_common20_r1_437593_1_s06,,,DB3V_common_20shot_heldout,r1:437593_1,audio/Spinus_tristis/db3v_common20_r1_437593_1_s06.wav,6,Spinus_tristis,7,Turdus_migratorius,softmax,0x00000000,0,1,80371,422898,503270,"[0.11328125,0.09375,0.00390625,0.01953125,0.078125,0.11328125,0.11328125,0.45703125]","[-99,-104,-127,-123,-108,-99,-99,-11]"
119,db3v_common20_r1_378442_3_s06,,,DB3V_common_20shot_heldout,r1:378442_3,audio/Turdus_migratorius/db3v_common20_r1_378442_3_s06.wav,7,Turdus_migratorius,2,Certhia_americana,softmax,0x00000000,0,1,80372,422914,503286,"[0.2265625,0.03125,0.26953125,0.1875,0.0390625,0.02734375,0.02734375,0.1875]","[-70,-120,-59,-80,-118,-121,-121,-80]"
120,db3v_common20_r1_531004_31_s07,,,DB3V_common_20shot_heldout,r1:531004_31,audio/Agelaius_phoeniceus/db3v_common20_r1_531004_31_s07.wav,0,Agelaius_phoeniceus,3,Corvus_brachyrhynchos,softmax,0x00000000,0,1,80373,422893,503266,"[0.0625,0.21484375,0.00390625,0.43359375,0.04296875,0.0078125,0.01953125,0.21484375]","[-112,-73,-127,-17,-117,-126,-123,-73]"
121,db3v_common20_r1_725495_13_s07,,,DB3V_common_20shot_heldout,r1:725495_13,audio/Cardinalis_cardinalis/db3v_common20_r1_725495_13_s07.wav,1,Cardinalis_cardinalis,1,Cardinalis_cardinalis,softmax,0x00000000,1,1,80366,422879,503245,"[0.01171875,0.9296875,0.00390625,0.0,0.00390625,0.0078125,0.0390625,0.0078125]","[-125,110,-127,-128,-127,-126,-118,-126]"
122,db3v_common20_r1_153402_1_s07,,,DB3V_common_20shot_heldout,r1:153402_1,audio/Certhia_americana/db3v_common20_r1_153402_1_s07.wav,2,Certhia_americana,0,Agelaius_phoeniceus,softmax,0x00000000,0,1,80372,422900,503272,"[0.33984375,0.1015625,0.03125,0.0,0.33984375,0.05078125,0.1015625,0.04296875]","[-41,-102,-120,-128,-41,-115,-102,-117]"
123,db3v_common20_r1_279723_0_s07,,,DB3V_common_20shot_heldout,r1:279723_0,audio/Corvus_brachyrhynchos/db3v_common20_r1_279723_0_s07.wav,3,Corvus_brachyrhynchos,3,Corvus_brachyrhynchos,softmax,0x00000000,1,1,80368,422908,503276,"[0.0,0.0,0.0,0.99609375,0.0,0.0,0.0,0.0]","[-128,-128,-128,127,-128,-128,-128,-128]"
124,db3v_common20_r1_577345_10_s07,,,DB3V_common_20shot_heldout,r1:577345_10,audio/Setophaga_aestiva/db3v_common20_r1_577345_10_s07.wav,4,Setophaga_aestiva,4,Setophaga_aestiva,softmax,0x00000000,1,1,80375,422896,503271,"[0.078125,0.0390625,0.0234375,0.0,0.63671875,0.1328125,0.0,0.09375]","[-108,-118,-122,-128,35,-94,-128,-104]"
125,db3v_common20_r1_193127_19_s07,,,DB3V_common_20shot_heldout,r1:193127_19,audio/Setophaga_ruticilla/db3v_common20_r1_193127_19_s07.wav,5,Setophaga_ruticilla,4,Setophaga_aestiva,softmax,0x00000000,0,1,80371,422891,503262,"[0.00390625,0.00390625,0.08984375,0.0,0.51171875,0.36328125,0.02734375,0.0]","[-127,-127,-105,-128,3,-35,-121,-128]"
126,db3v_common20_r1_437593_1_s07,,,DB3V_common_20shot_heldout,r1:437593_1,audio/Spinus_tristis/db3v_common20_r1_437593_1_s07.wav,6,Spinus_tristis,1,Cardinalis_cardinalis,softmax,0x00000000,0,1,80369,422896,503265,"[0.15625,0.1875,0.01171875,0.09375,0.1875,0.15625,0.1328125,0.078125]","[-88,-80,-125,-104,-80,-88,-94,-108]"
127,db3v_common20_r1_378442_3_s07,,,DB3V_common_20shot_heldout,r1:378442_3,audio/Turdus_migratorius/db3v_common20_r1_378442_3_s07.wav,7,Turdus_migratorius,2,Certhia_americana,softmax,0x00000000,0,1,80370,422918,503288,"[0.1171875,0.01953125,0.28515625,0.23828125,0.0703125,0.140625,0.02734375,0.09765625]","[-98,-123,-55,-67,-110,-92,-121,-103]"
128,db3v_common20_r3_175040_3_s00,,,DB3V_common_20shot_heldout,r3:175040_3,audio/Agelaius_phoeniceus/db3v_common20_r3_175040_3_s00.wav,0,Agelaius_phoeniceus,4,Setophaga_aestiva,softmax,0x00000000,0,1,80369,422895,503265,"[0.0625,0.21484375,0.01953125,0.21484375,0.3046875,0.12890625,0.04296875,0.0078125]","[-112,-73,-123,-73,-50,-95,-117,-126]"
129,db3v_common20_r3_542090_1_s00,,,DB3V_common_20shot_heldout,r3:542090_1,audio/Cardinalis_cardinalis/db3v_common20_r3_542090_1_s00.wav,1,Cardinalis_cardinalis,4,Setophaga_aestiva,softmax,0x00000000,0,1,80373,422904,503277,"[0.04296875,0.1015625,0.00390625,0.00390625,0.24609375,0.20703125,0.14453125,0.24609375]","[-117,-102,-127,-127,-65,-75,-91,-65]"
130,db3v_common20_r3_101961_0_s00,,,DB3V_common_20shot_heldout,r3:101961_0,audio/Certhia_americana/db3v_common20_r3_101961_0_s00.wav,2,Certhia_americana,5,Setophaga_ruticilla,softmax,0x00000000,0,1,80378,422908,503287,"[0.046875,0.0078125,0.08203125,0.015625,0.140625,0.5625,0.140625,0.00390625]","[-116,-126,-107,-124,-92,16,-92,-127]"
131,db3v_common20_r3_167792_14_s00,,,DB3V_common_20shot_heldout,r3:167792_14,audio/Corvus_brachyrhynchos/db3v_common20_r3_167792_14_s00.wav,3,Corvus_brachyrhynchos,2,Certhia_americana,softmax,0x00000000,0,1,80375,422923,503299,"[0.1015625,0.0703125,0.2890625,0.14453125,0.05859375,0.1015625,0.14453125,0.0859375]","[-102,-110,-54,-91,-113,-102,-91,-106]"
132,db3v_common20_r3_636581_0_s00,,,DB3V_common_20shot_heldout,r3:636581_0,audio/Setophaga_aestiva/db3v_common20_r3_636581_0_s00.wav,4,Setophaga_aestiva,4,Setophaga_aestiva,softmax,0x00000000,1,1,80376,422886,503263,"[0.0,0.0,0.171875,0.0,0.484375,0.34375,0.0,0.0]","[-128,-128,-84,-128,-4,-40,-128,-128]"
133,db3v_common20_r3_382119_4_s00,,,DB3V_common_20shot_heldout,r3:382119_4,audio/Setophaga_ruticilla/db3v_common20_r3_382119_4_s00.wav,5,Setophaga_ruticilla,5,Setophaga_ruticilla,softmax,0x00000000,1,1,80371,422901,503272,"[0.00390625,0.0,0.0,0.0078125,0.31640625,0.63671875,0.01953125,0.0078125]","[-127,-128,-128,-126,-47,35,-123,-126]"
134,db3v_common20_r3_313678_3_s00,,,DB3V_common_20shot_heldout,r3:313678_3,audio/Spinus_tristis/db3v_common20_r3_313678_3_s00.wav,6,Spinus_tristis,5,Setophaga_ruticilla,softmax,0x00000000,0,1,80371,422917,503288,"[0.00390625,0.0078125,0.015625,0.0078125,0.1328125,0.765625,0.0390625,0.0234375]","[-127,-126,-124,-126,-94,68,-118,-122]"
135,db3v_common20_r3_476494_0_s00,,,DB3V_common_20shot_heldout,r3:476494_0,audio/Turdus_migratorius/db3v_common20_r3_476494_0_s00.wav,7,Turdus_migratorius,7,Turdus_migratorius,softmax,0x00000000,1,1,80374,422902,503276,"[0.0,0.0,0.0,0.0,0.0,0.0,0.0,0.99609375]","[-128,-128,-128,-128,-128,-128,-128,127]"
136,db3v_common20_r3_175040_3_s01,,,DB3V_common_20shot_heldout,r3:175040_3,audio/Agelaius_phoeniceus/db3v_common20_r3_175040_3_s01.wav,0,Agelaius_phoeniceus,4,Setophaga_aestiva,softmax,0x00000000,0,1,80370,422895,503266,"[0.125,0.03125,0.03515625,0.03515625,0.6015625,0.1484375,0.01953125,0.0]","[-96,-120,-119,-119,26,-90,-123,-128]"
137,db3v_common20_r3_542090_1_s01,,,DB3V_common_20shot_heldout,r3:542090_1,audio/Cardinalis_cardinalis/db3v_common20_r3_542090_1_s01.wav,1,Cardinalis_cardinalis,1,Cardinalis_cardinalis,softmax,0x00000000,1,1,80366,422894,503261,"[0.0,0.98828125,0.0,0.0,0.0,0.0,0.0,0.01171875]","[-128,125,-128,-128,-128,-128,-128,-125]"
138,db3v_common20_r3_101961_0_s01,,,DB3V_common_20shot_heldout,r3:101961_0,audio/Certhia_americana/db3v_common20_r3_101961_0_s01.wav,2,Certhia_americana,5,Setophaga_ruticilla,softmax,0x00000000,0,1,80377,422897,503274,"[0.0,0.0,0.39453125,0.0,0.046875,0.55859375,0.0,0.0]","[-128,-128,-27,-128,-116,15,-128,-128]"
139,db3v_common20_r3_167792_14_s01,,,DB3V_common_20shot_heldout,r3:167792_14,audio/Corvus_brachyrhynchos/db3v_common20_r3_167792_14_s01.wav,3,Corvus_brachyrhynchos,0,Agelaius_phoeniceus,softmax,0x00000000,0,1,80370,422913,503284,"[0.2109375,0.10546875,0.08984375,0.08984375,0.07421875,0.10546875,0.17578125,0.1484375]","[-74,-101,-105,-105,-109,-101,-83,-90]"
140,db3v_common20_r3_636581_0_s01,,,DB3V_common_20shot_heldout,r3:636581_0,audio/Setophaga_aestiva/db3v_common20_r3_636581_0_s01.wav,4,Setophaga_aestiva,4,Setophaga_aestiva,softmax,0x00000000,1,1,80372,422886,503259,"[0.0,0.0,0.0,0.0,0.890625,0.109375,0.0,0.0]","[-128,-128,-128,-128,100,-100,-128,-128]"
141,db3v_common20_r3_382119_4_s01,,,DB3V_common_20shot_heldout,r3:382119_4,audio/Setophaga_ruticilla/db3v_common20_r3_382119_4_s01.wav,5,Setophaga_ruticilla,5,Setophaga_ruticilla,softmax,0x00000000,1,1,80371,422903,503274,"[0.00390625,0.00390625,0.00390625,0.0,0.1171875,0.80859375,0.015625,0.05078125]","[-127,-127,-127,-128,-98,79,-124,-115]"
142,db3v_common20_r3_313678_3_s01,,,DB3V_common_20shot_heldout,r3:313678_3,audio/Spinus_tristis/db3v_common20_r3_313678_3_s01.wav,6,Spinus_tristis,6,Spinus_tristis,softmax,0x00000000,1,1,80370,422911,503281,"[0.171875,0.03125,0.0,0.00390625,0.04296875,0.03125,0.578125,0.14453125]","[-84,-120,-128,-127,-117,-120,20,-91]"
143,db3v_common20_r3_476494_0_s01,,,DB3V_common_20shot_heldout,r3:476494_0,audio/Turdus_migratorius/db3v_common20_r3_476494_0_s01.wav,7,Turdus_migratorius,4,Setophaga_aestiva,softmax,0x00000000,0,1,80373,422908,503282,"[0.23046875,0.03515625,0.0,0.02734375,0.27734375,0.08203125,0.11328125,0.23046875]","[-69,-119,-128,-121,-57,-107,-99,-69]"
144,db3v_common20_r3_175040_3_s02,,,DB3V_common_20shot_heldout,r3:175040_3,audio/Agelaius_phoeniceus/db3v_common20_r3_175040_3_s02.wav,0,Agelaius_phoeniceus,3,Corvus_brachyrhynchos,softmax,0x00000000,0,1,80365,422890,503256,"[0.0546875,0.109375,0.046875,0.44921875,0.15625,0.109375,0.0390625,0.03125]","[-114,-100,-116,-13,-88,-100,-118,-120]"
145,db3v_common20_r3_542090_1_s02,,,DB3V_common_20shot_heldout,r3:542090_1,audio/Cardinalis_cardinalis/db3v_common20_r3_542090_1_s02.wav,1,Cardinalis_cardinalis,1,Cardinalis_cardinalis,softmax,0x00000000,1,1,80364,422889,503254,"[0.0,0.99609375,0.0,0.0,0.0,0.0,0.0,0.0]","[-128,127,-128,-128,-128,-128,-128,-128]"
146,db3v_common20_r3_101961_0_s02,,,DB3V_common_20shot_heldout,r3:101961_0,audio/Certhia_americana/db3v_common20_r3_101961_0_s02.wav,2,Certhia_americana,5,Setophaga_ruticilla,softmax,0x00000000,0,1,80370,422912,503283,"[0.015625,0.01171875,0.01953125,0.03125,0.04296875,0.6171875,0.00390625,0.2578125]","[-124,-125,-123,-120,-117,30,-127,-62]"
147,db3v_common20_r3_167792_14_s02,,,DB3V_common_20shot_heldout,r3:167792_14,audio/Corvus_brachyrhynchos/db3v_common20_r3_167792_14_s02.wav,3,Corvus_brachyrhynchos,3,Corvus_brachyrhynchos,softmax,0x00000000,1,1,80371,422918,503290,"[0.0,0.0,0.0078125,0.9921875,0.0,0.0,0.0,0.0]","[-128,-128,-126,126,-128,-128,-128,-128]"
148,db3v_common20_r3_636581_0_s02,,,DB3V_common_20shot_heldout,r3:636581_0,audio/Setophaga_aestiva/db3v_common20_r3_636581_0_s02.wav,4,Setophaga_aestiva,5,Setophaga_ruticilla,softmax,0x00000000,0,1,80373,422894,503268,"[0.0,0.0,0.015625,0.0,0.046875,0.9375,0.0,0.0]","[-128,-128,-124,-128,-116,112,-128,-128]"
149,db3v_common20_r3_382119_4_s02,,,DB3V_common_20shot_heldout,r3:382119_4,audio/Setophaga_ruticilla/db3v_common20_r3_382119_4_s02.wav,5,Setophaga_ruticilla,5,Setophaga_ruticilla,softmax,0x00000000,1,1,80368,422901,503270,"[0.00390625,0.0,0.0,0.01171875,0.06640625,0.8984375,0.015625,0.00390625]","[-127,-128,-128,-125,-111,102,-124,-127]"
150,db3v_common20_r3_313678_3_s02,,,DB3V_common_20shot_heldout,r3:313678_3,audio/Spinus_tristis/db3v_common20_r3_313678_3_s02.wav,6,Spinus_tristis,5,Setophaga_ruticilla,softmax,0x00000000,0,1,80371,422909,503280,"[0.0234375,0.05078125,0.04296875,0.0078125,0.25,0.5,0.05078125,0.07421875]","[-122,-115,-117,-126,-64,0,-115,-109]"
151,db3v_common20_r3_476494_0_s02,,,DB3V_common_20shot_heldout,r3:476494_0,audio/Turdus_migratorius/db3v_common20_r3_476494_0_s02.wav,7,Turdus_migratorius,4,Setophaga_aestiva,softmax,0x00000000,0,1,80372,422907,503280,"[0.1171875,0.0234375,0.00390625,0.1171875,0.4765625,0.16796875,0.0234375,0.0703125]","[-98,-122,-127,-98,-6,-85,-122,-110]"
152,db3v_common20_r3_175040_3_s03,,,DB3V_common_20shot_heldout,r3:175040_3,audio/Agelaius_phoeniceus/db3v_common20_r3_175040_3_s03.wav,0,Agelaius_phoeniceus,3,Corvus_brachyrhynchos,softmax,0x00000000,0,1,80369,422894,503263,"[0.0390625,0.234375,0.02734375,0.39453125,0.1171875,0.1171875,0.046875,0.015625]","[-118,-68,-121,-27,-98,-98,-116,-124]"
153,db3v_common20_r3_542090_1_s03,,,DB3V_common_20shot_heldout,r3:542090_1,audio/Cardinalis_cardinalis/db3v_common20_r3_542090_1_s03.wav,1,Cardinalis_cardinalis,1,Cardinalis_cardinalis,softmax,0x00000000,1,1,80372,422890,503263,"[0.0,0.99609375,0.0,0.0,0.0,0.0,0.0,0.0]","[-128,127,-128,-128,-128,-128,-128,-128]"
154,db3v_common20_r3_101961_0_s03,,,DB3V_common_20shot_heldout,r3:101961_0,audio/Certhia_americana/db3v_common20_r3_101961_0_s03.wav,2,Certhia_americana,5,Setophaga_ruticilla,softmax,0x00000000,0,1,80374,422918,503292,"[0.0078125,0.01171875,0.00390625,0.14453125,0.171875,0.4140625,0.171875,0.0703125]","[-126,-125,-127,-91,-84,-22,-84,-110]"
155,db3v_common20_r3_167792_14_s03,,,DB3V_common_20shot_heldout,r3:167792_14,audio/Corvus_brachyrhynchos/db3v_common20_r3_167792_14_s03.wav,3,Corvus_brachyrhynchos,2,Certhia_americana,softmax,0x00000000,0,1,80375,422924,503300,"[0.08203125,0.05859375,0.28125,0.1953125,0.02734375,0.09765625,0.140625,0.1171875]","[-107,-113,-56,-78,-121,-103,-92,-98]"
156,db3v_common20_r3_636581_0_s03,,,DB3V_common_20shot_heldout,r3:636581_0,audio/Setophaga_aestiva/db3v_common20_r3_636581_0_s03.wav,4,Setophaga_aestiva,2,Certhia_americana,softmax,0x00000000,0,1,80372,422895,503268,"[0.09375,0.02734375,0.32421875,0.0078125,0.32421875,0.08203125,0.13671875,0.00390625]","[-104,-121,-45,-126,-45,-107,-93,-127]"
157,db3v_common20_r3_382119_4_s03,,,DB3V_common_20shot_heldout,r3:382119_4,audio/Setophaga_ruticilla/db3v_common20_r3_382119_4_s03.wav,5,Setophaga_ruticilla,5,Setophaga_ruticilla,softmax,0x00000000,1,1,80370,422904,503274,"[0.0,0.00390625,0.0078125,0.01171875,0.03515625,0.9375,0.00390625,0.00390625]","[-128,-127,-126,-125,-119,112,-127,-127]"
158,db3v_common20_r3_313678_3_s03,,,DB3V_common_20shot_heldout,r3:313678_3,audio/Spinus_tristis/db3v_common20_r3_313678_3_s03.wav,6,Spinus_tristis,4,Setophaga_aestiva,softmax,0x00000000,0,1,80370,422890,503260,"[0.0,0.0,0.0078125,0.0,0.84375,0.0,0.1484375,0.0]","[-128,-128,-126,-128,88,-128,-90,-128]"
159,db3v_common20_r3_476494_0_s03,,,DB3V_common_20shot_heldout,r3:476494_0,audio/Turdus_migratorius/db3v_common20_r3_476494_0_s03.wav,7,Turdus_migratorius,5,Setophaga_ruticilla,softmax,0x00000000,0,1,80371,422907,503279,"[0.12109375,0.0859375,0.015625,0.03515625,0.29296875,0.34765625,0.03125,0.0703125]","[-97,-106,-124,-119,-53,-39,-120,-110]"
160,db3v_common20_r3_175040_3_s04,,,DB3V_common_20shot_heldout,r3:175040_3,audio/Agelaius_phoeniceus/db3v_common20_r3_175040_3_s04.wav,0,Agelaius_phoeniceus,3,Corvus_brachyrhynchos,softmax,0x00000000,0,1,80373,422894,503268,"[0.04296875,0.19921875,0.05859375,0.40234375,0.08203125,0.1015625,0.04296875,0.0703125]","[-117,-77,-113,-25,-107,-102,-117,-110]"
161,db3v_common20_r3_542090_1_s04,,,DB3V_common_20shot_heldout,r3:542090_1,audio/Cardinalis_cardinalis/db3v_common20_r3_542090_1_s04.wav,1,Cardinalis_cardinalis,1,Cardinalis_cardinalis,softmax,0x00000000,1,1,80364,422838,503203,"[0.0,0.99609375,0.0,0.0,0.0,0.0,0.0,0.0]","[-128,127,-128,-128,-128,-128,-128,-128]"
162,db3v_common20_r3_101961_0_s04,,,DB3V_common_20shot_heldout,r3:101961_0,audio/Certhia_americana/db3v_common20_r3_101961_0_s04.wav,2,Certhia_americana,5,Setophaga_ruticilla,softmax,0x00000000,0,1,80375,422914,503289,"[0.0,0.0,0.00390625,0.0859375,0.171875,0.69921875,0.0234375,0.01171875]","[-128,-128,-127,-106,-84,51,-122,-125]"
163,db3v_common20_r3_167792_14_s04,,,DB3V_common_20shot_heldout,r3:167792_14,audio/Corvus_brachyrhynchos/db3v_common20_r3_167792_14_s04.wav,3,Corvus_brachyrhynchos,2,Certhia_americana,softmax,0x00000000,0,1,80368,422924,503292,"[0.09765625,0.05078125,0.234375,0.1171875,0.05078125,0.16796875,0.16796875,0.1171875]","[-103,-115,-68,-98,-115,-85,-85,-98]"
164,db3v_common20_r3_636581_0_s04,,,DB3V_common_20shot_heldout,r3:636581_0,audio/Setophaga_aestiva/db3v_common20_r3_636581_0_s04.wav,4,Setophaga_aestiva,6,Spinus_tristis,softmax,0x00000000,0,1,80370,422896,503266,"[0.015625,0.01171875,0.09765625,0.01171875,0.28125,0.16796875,0.40234375,0.0078125]","[-124,-125,-103,-125,-56,-85,-25,-126]"
165,db3v_common20_r3_382119_4_s04,,,DB3V_common_20shot_heldout,r3:382119_4,audio/Setophaga_ruticilla/db3v_common20_r3_382119_4_s04.wav,5,Setophaga_ruticilla,5,Setophaga_ruticilla,softmax,0x00000000,1,1,80370,422906,503277,"[0.00390625,0.0,0.0,0.00390625,0.1875,0.7578125,0.03125,0.01171875]","[-127,-128,-128,-127,-80,66,-120,-125]"
166,db3v_common20_r3_313678_3_s04,,,DB3V_common_20shot_heldout,r3:313678_3,audio/Spinus_tristis/db3v_common20_r3_313678_3_s04.wav,6,Spinus_tristis,4,Setophaga_aestiva,softmax,0x00000000,0,1,80367,422894,503261,"[0.00390625,0.0,0.015625,0.0,0.93359375,0.0,0.046875,0.0]","[-127,-128,-124,-128,111,-128,-116,-128]"
167,db3v_common20_r3_476494_0_s04,,,DB3V_common_20shot_heldout,r3:476494_0,audio/Turdus_migratorius/db3v_common20_r3_476494_0_s04.wav,7,Turdus_migratorius,6,Spinus_tristis,softmax,0x00000000,0,1,80375,422908,503284,"[0.18359375,0.08984375,0.0390625,0.078125,0.18359375,0.12890625,0.21875,0.078125]","[-81,-105,-118,-108,-81,-95,-72,-108]"
168,db3v_common20_r3_175040_3_s05,,,DB3V_common_20shot_heldout,r3:175040_3,audio/Agelaius_phoeniceus/db3v_common20_r3_175040_3_s05.wav,0,Agelaius_phoeniceus,3,Corvus_brachyrhynchos,softmax,0x00000000,0,1,80374,422894,503269,"[0.06640625,0.09765625,0.05859375,0.46484375,0.11328125,0.11328125,0.03515625,0.046875]","[-111,-103,-113,-9,-99,-99,-119,-116]"
169,db3v_common20_r3_542090_1_s05,,,DB3V_common_20shot_heldout,r3:542090_1,audio/Cardinalis_cardinalis/db3v_common20_r3_542090_1_s05.wav,1,Cardinalis_cardinalis,1,Cardinalis_cardinalis,softmax,0x00000000,1,1,80369,422890,503260,"[0.0,0.99609375,0.0,0.0,0.0,0.0,0.0,0.0]","[-128,127,-128,-128,-128,-128,-128,-128]"
170,db3v_common20_r3_101961_0_s05,,,DB3V_common_20shot_heldout,r3:101961_0,audio/Certhia_americana/db3v_common20_r3_101961_0_s05.wav,2,Certhia_americana,7,Turdus_migratorius,softmax,0x00000000,0,1,80371,422913,503285,"[0.07421875,0.0078125,0.00390625,0.0,0.0390625,0.12890625,0.0078125,0.73828125]","[-109,-126,-127,-128,-118,-95,-126,61]"
171,db3v_common20_r3_167792_14_s05,,,DB3V_common_20shot_heldout,r3:167792_14,audio/Corvus_brachyrhynchos/db3v_common20_r3_167792_14_s05.wav,3,Corvus_brachyrhynchos,2,Certhia_americana,softmax,0x00000000,0,1,80374,422922,503296,"[0.12109375,0.05078125,0.24609375,0.14453125,0.03515625,0.12109375,0.171875,0.1015625]","[-97,-115,-65,-91,-119,-97,-84,-102]"
172,db3v_common20_r3_636581_0_s05,,,DB3V_common_20shot_heldout,r3:636581_0,audio/Setophaga_aestiva/db3v_common20_r3_636581_0_s05.wav,4,Setophaga_aestiva,2,Certhia_americana,softmax,0x00000000,0,1,80373,422887,503260,"[0.10546875,0.0078125,0.515625,0.0,0.3046875,0.03125,0.02734375,0.0]","[-101,-126,4,-128,-50,-120,-121,-128]"
173,db3v_common20_r3_382119_4_s05,,,DB3V_common_20shot_heldout,r3:382119_4,audio/Setophaga_ruticilla/db3v_common20_r3_382119_4_s05.wav,5,Setophaga_ruticilla,5,Setophaga_ruticilla,softmax,0x00000000,1,1,80374,422888,503262,"[0.0,0.0,0.0234375,0.0,0.01953125,0.953125,0.0,0.0]","[-128,-128,-122,-128,-123,116,-128,-128]"
174,db3v_common20_r3_313678_3_s05,,,DB3V_common_20shot_heldout,r3:313678_3,audio/Spinus_tristis/db3v_common20_r3_313678_3_s05.wav,6,Spinus_tristis,6,Spinus_tristis,softmax,0x00000000,1,1,80367,422907,503274,"[0.12890625,0.08984375,0.12890625,0.1796875,0.0546875,0.07421875,0.2578125,0.08984375]","[-95,-105,-95,-82,-114,-109,-62,-105]"
175,db3v_common20_r3_476494_0_s05,,,DB3V_common_20shot_heldout,r3:476494_0,audio/Turdus_migratorius/db3v_common20_r3_476494_0_s05.wav,7,Turdus_migratorius,5,Setophaga_ruticilla,softmax,0x00000000,0,1,80370,422909,503279,"[0.15625,0.1875,0.01171875,0.02734375,0.15625,0.31640625,0.046875,0.09375]","[-88,-80,-125,-121,-88,-47,-116,-104]"
176,db3v_common20_r3_175040_3_s06,,,DB3V_common_20shot_heldout,r3:175040_3,audio/Agelaius_phoeniceus/db3v_common20_r3_175040_3_s06.wav,0,Agelaius_phoeniceus,3,Corvus_brachyrhynchos,softmax,0x00000000,0,1,80377,422899,503276,"[0.015625,0.01953125,0.00390625,0.91015625,0.01171875,0.0078125,0.0,0.03125]","[-124,-123,-127,105,-125,-126,-128,-120]"
177,db3v_common20_r3_542090_1_s06,,,DB3V_common_20shot_heldout,r3:542090_1,audio/Cardinalis_cardinalis/db3v_common20_r3_542090_1_s06.wav,1,Cardinalis_cardinalis,7,Turdus_migratorius,softmax,0x00000000,0,1,80372,422898,503271,"[0.00390625,0.30859375,0.00390625,0.015625,0.03125,0.046875,0.07421875,0.51953125]","[-127,-49,-127,-124,-120,-116,-109,5]"
178,db3v_common20_r3_101961_0_s06,,,DB3V_common_20shot_heldout,r3:101961_0,audio/Certhia_americana/db3v_common20_r3_101961_0_s06.wav,2,Certhia_americana,5,Setophaga_ruticilla,softmax,0x00000000,0,1,80370,422914,503285,"[0.00390625,0.00390625,0.0,0.03125,0.359375,0.5078125,0.03125,0.0625]","[-127,-127,-128,-120,-36,2,-120,-112]"
179,db3v_common20_r3_167792_14_s06,,,DB3V_common_20shot_heldout,r3:167792_14,audio/Corvus_brachyrhynchos/db3v_common20_r3_167792_14_s06.wav,3,Corvus_brachyrhynchos,2,Certhia_americana,softmax,0x00000000,0,1,80370,422921,503291,"[0.11328125,0.06640625,0.32421875,0.13671875,0.06640625,0.11328125,0.08203125,0.09765625]","[-99,-111,-45,-93,-111,-99,-107,-103]"
180,db3v_common20_r3_636581_0_s06,,,DB3V_common_20shot_heldout,r3:636581_0,audio/Setophaga_aestiva/db3v_common20_r3_636581_0_s06.wav,4,Setophaga_aestiva,5,Setophaga_ruticilla,softmax,0x00000000,0,1,80371,422891,503262,"[0.0,0.0,0.0078125,0.0,0.44921875,0.5390625,0.00390625,0.0]","[-128,-128,-126,-128,-13,10,-127,-128]"
181,db3v_common20_r3_382119_4_s06,,,DB3V_common_20shot_heldout,r3:382119_4,audio/Setophaga_ruticilla/db3v_common20_r3_382119_4_s06.wav,5,Setophaga_ruticilla,5,Setophaga_ruticilla,softmax,0x00000000,1,1,80366,422902,503269,"[0.0,0.0,0.00390625,0.015625,0.08984375,0.87890625,0.0078125,0.0]","[-128,-128,-127,-124,-105,97,-126,-128]"
182,db3v_common20_r3_313678_3_s06,,,DB3V_common_20shot_heldout,r3:313678_3,audio/Spinus_tristis/db3v_common20_r3_313678_3_s06.wav,6,Spinus_tristis,5,Setophaga_ruticilla,softmax,0x00000000,0,1,80376,422912,503289,"[0.04296875,0.08984375,0.17578125,0.07421875,0.10546875,0.35546875,0.05078125,0.10546875]","[-117,-105,-83,-109,-101,-37,-115,-101]"
183,db3v_common20_r3_476494_0_s06,,,DB3V_common_20shot_heldout,r3:476494_0,audio/Turdus_migratorius/db3v_common20_r3_476494_0_s06.wav,7,Turdus_migratorius,4,Setophaga_aestiva,softmax,0x00000000,0,1,80373,422906,503280,"[0.1484375,0.03125,0.0078125,0.1484375,0.35546875,0.1484375,0.10546875,0.05078125]","[-90,-120,-126,-90,-37,-90,-101,-115]"
184,db3v_common20_r3_175040_3_s07,,,DB3V_common_20shot_heldout,r3:175040_3,audio/Agelaius_phoeniceus/db3v_common20_r3_175040_3_s07.wav,0,Agelaius_phoeniceus,7,Turdus_migratorius,softmax,0x00000000,0,1,80373,422890,503264,"[0.15234375,0.0546875,0.01171875,0.03125,0.00390625,0.0078125,0.0,0.734375]","[-89,-114,-125,-120,-127,-126,-128,60]"
185,db3v_common20_r3_542090_1_s07,,,DB3V_common_20shot_heldout,r3:542090_1,audio/Cardinalis_cardinalis/db3v_common20_r3_542090_1_s07.wav,1,Cardinalis_cardinalis,7,Turdus_migratorius,softmax,0x00000000,0,1,80373,422902,503276,"[0.03515625,0.234375,0.00390625,0.01171875,0.13671875,0.046875,0.13671875,0.39453125]","[-119,-68,-127,-125,-93,-116,-93,-27]"
186,db3v_common20_r3_101961_0_s07,,,DB3V_common_20shot_heldout,r3:101961_0,audio/Certhia_americana/db3v_common20_r3_101961_0_s07.wav,2,Certhia_americana,7,Turdus_migratorius,softmax,0x00000000,0,1,80367,422907,503274,"[0.15625,0.06640625,0.01171875,0.015625,0.1875,0.22265625,0.078125,0.265625]","[-88,-111,-125,-124,-80,-71,-108,-60]"
187,db3v_common20_r3_167792_14_s07,,,DB3V_common_20shot_heldout,r3:167792_14,audio/Corvus_brachyrhynchos/db3v_common20_r3_167792_14_s07.wav,3,Corvus_brachyrhynchos,2,Certhia_americana,softmax,0x00000000,0,1,80376,422921,503298,"[0.0859375,0.05078125,0.23828125,0.23828125,0.05859375,0.140625,0.1015625,0.0859375]","[-106,-115,-67,-67,-113,-92,-102,-106]"
188,db3v_common20_r3_636581_0_s07,,,DB3V_common_20shot_heldout,r3:636581_0,audio/Setophaga_aestiva/db3v_common20_r3_636581_0_s07.wav,4,Setophaga_aestiva,0,Agelaius_phoeniceus,softmax,0x00000000,0,1,80369,422904,503273,"[0.2265625,0.078125,0.09375,0.09375,0.16015625,0.09375,0.06640625,0.1875]","[-70,-108,-104,-104,-87,-104,-111,-80]"
189,db3v_common20_r3_382119_4_s07,,,DB3V_common_20shot_heldout,r3:382119_4,audio/Setophaga_ruticilla/db3v_common20_r3_382119_4_s07.wav,5,Setophaga_ruticilla,5,Setophaga_ruticilla,softmax,0x00000000,1,1,80379,422900,503280,"[0.0,0.0,0.0,0.00390625,0.19140625,0.78125,0.015625,0.00390625]","[-128,-128,-128,-127,-79,72,-124,-127]"
190,db3v_common20_r3_313678_3_s07,,,DB3V_common_20shot_heldout,r3:313678_3,audio/Spinus_tristis/db3v_common20_r3_313678_3_s07.wav,6,Spinus_tristis,7,Turdus_migratorius,softmax,0x00000000,0,1,80378,422910,503289,"[0.1875,0.0546875,0.0078125,0.078125,0.015625,0.00390625,0.11328125,0.5390625]","[-80,-114,-126,-108,-124,-127,-99,10]"
191,db3v_common20_r3_476494_0_s07,,,DB3V_common_20shot_heldout,r3:476494_0,audio/Turdus_migratorius/db3v_common20_r3_476494_0_s07.wav,7,Turdus_migratorius,7,Turdus_migratorius,softmax,0x00000000,1,1,80373,422901,503274,"[0.09765625,0.046875,0.0,0.0,0.1953125,0.09765625,0.0,0.55859375]","[-103,-116,-128,-128,-78,-103,-128,15]"
